0.010000 3.033000
0.020000 3.031000
0.030000 3.029000
0.040000 3.027000
0.050000 3.025000
0.060000 3.023000
0.070000 3.021000
0.080000 3.019000
0.090000 3.017000
0.100000 3.015000
0.110000 3.013000
0.120000 3.011000
0.130000 3.010000
0.140000 3.008000
0.150000 3.006000
0.160000 3.004000
0.170000 3.002000
0.180000 3.000000
0.190000 2.998000
0.200000 2.996000
0.210000 2.994000
0.220000 2.992000
0.230000 2.990000
0.240000 2.988000
0.250000 2.986000
0.260000 2.984000
0.270000 2.982000
0.280000 2.980000
0.290000 2.978000
0.300000 2.976000
0.310000 2.974000
0.320000 2.971000
0.330000 2.969000
0.340000 2.967000
0.350000 2.965000
0.365000 2.962000
0.388000 2.958000
0.421000 2.951000
0.471000 2.941000
0.521000 2.930000
0.571000 2.920000
0.621000 2.909000
0.671000 2.899000
0.721000 2.888000
0.771000 2.877000
0.821000 2.866000
0.871000 2.855000
0.921000 2.844000
0.971000 2.832000
1.021000 2.821000
1.071000 2.810000
1.121000 2.798000
1.171000 2.786000
1.221000 2.774000
1.271000 2.762000
1.321000 2.751000
1.371000 2.739000
1.421000 2.728000
1.471000 2.717000
1.521000 2.705000
1.571000 2.694000
1.621000 2.683000
1.671000 2.671000
1.721000 2.659000
1.771000 2.648000
1.821000 2.636000
1.871000 2.624000
1.921000 2.612000
1.971000 2.600000
2.021000 2.588000
2.071000 2.576000
2.121000 2.564000
2.171000 2.552000
2.221000 2.539000
2.271000 2.527000
2.321000 2.514000
2.371000 2.502000
2.421000 2.489000
2.471000 2.477000
2.521000 2.464000
2.571000 2.451000
2.621000 2.438000
2.671000 2.425000
2.721000 2.414000
2.771000 2.402000
2.821000 2.390000
2.871000 2.378000
2.921000 2.367000
2.971000 2.358000
3.021000 2.351000
3.071000 2.347000
3.121000 2.344000
3.171000 2.341000
3.221000 2.341000
3.271000 2.341000
3.284000 2.341000
3.303000 2.341000
3.332000 2.341000
3.375000 2.341000
3.425000 2.341000
3.475000 2.341000
3.525000 2.341000
3.575000 2.341000
3.625000 2.341000
3.675000 2.341000
3.725000 2.341000
3.775000 2.341000
3.825000 2.341000
3.875000 2.341000
3.925000 2.341000
3.975000 2.341000
4.025000 2.341000
4.075000 2.341000
4.125000 2.341000
4.175000 2.341000
4.225000 2.341000
4.275000 2.341000
4.325000 2.341000
4.375000 2.341000
4.425000 2.341000
4.475000 2.341000
4.525000 2.341000
4.575000 2.341000
4.625000 2.341000
4.675000 2.341000
4.725000 2.341000
4.775000 2.341000
4.825000 2.341000
4.875000 2.341000
4.925000 2.341000
4.975000 2.341000
5.025000 2.341000
5.075000 2.341000
5.125000 2.341000
5.175000 2.341000
5.225000 2.341000
5.275000 2.341000
5.325000 2.341000
5.375000 2.341000
5.425000 2.341000
5.475000 2.341000
5.525000 2.341000
5.575000 2.341000
5.625000 2.341000
5.675000 2.341000
5.725000 2.341000
5.775000 2.341000
5.825000 2.341000
5.875000 2.341000
5.925000 2.341000
5.975000 2.341000
6.025000 2.341000
6.075000 2.341000
6.125000 2.341000
6.175000 2.341000
6.225000 2.341000
6.275000 2.341000
6.325000 2.341000
6.375000 2.341000
6.425000 2.341000
6.475000 2.341000
6.525000 2.341000
6.575000 2.341000
6.625000 2.341000
6.675000 2.341000
6.725000 2.341000
6.775000 2.341000
6.825000 2.341000
6.875000 2.341000
6.925000 2.341000
6.975000 2.341000
7.025000 2.341000
7.075000 2.341000
7.125000 2.341000
7.175000 2.341000
7.225000 2.341000
7.275000 2.341000
7.325000 2.341000
7.375000 2.341000
7.425000 2.341000
7.475000 2.341000
7.525000 2.341000
7.575000 2.341000
7.625000 2.341000
7.675000 2.341000
7.725000 2.341000
7.775000 2.341000
7.825000 2.341000
7.875000 2.341000
7.925000 2.341000
7.975000 2.341000
8.025000 2.341000
8.075000 2.341000
8.125000 2.341000
8.175000 2.341000
8.225000 2.341000
8.275000 2.341000
8.325000 2.341000
8.375000 2.341000
8.425000 2.341000
8.475000 2.341000
8.525000 2.341000
8.575000 2.341000
8.625000 2.341000
8.675000 2.341000
8.725000 2.341000
8.775000 2.341000
8.825000 2.341000
8.875000 2.341000
8.925000 2.341000
8.975000 2.341000
9.025000 2.341000
9.075000 2.341000
9.125000 2.341000
9.175000 2.341000
9.225000 2.341000
9.275000 2.341000
9.325000 2.341000
9.375000 2.341000
9.425000 2.341000
9.475000 2.341000
9.525000 2.341000
9.575000 2.341000
9.625000 2.341000
9.675000 2.341000
9.725000 2.341000
9.775000 2.341000
9.825000 2.341000
9.875000 2.341000
9.925000 2.341000
9.975000 2.341000
10.025000 2.341000
10.075000 2.341000
10.125000 2.341000
10.175000 2.341000
10.225000 2.341000
10.275000 2.341000
10.325000 2.341000
10.375000 2.341000
10.425000 2.341000
10.475000 2.341000
10.525000 2.341000
10.575000 2.341000
10.625000 2.341000
10.675000 2.341000
10.725000 2.341000
10.775000 2.341000
10.825000 2.341000
10.875000 2.341000
10.925000 2.341000
10.975000 2.341000
11.025000 2.341000
11.075000 2.341000
11.125000 2.341000
11.175000 2.341000
11.225000 2.341000
11.275000 2.341000
11.325000 2.341000
11.375000 2.341000
11.425000 2.341000
11.475000 2.341000
11.525000 2.341000
11.575000 2.341000
11.625000 2.341000
11.675000 2.341000
11.725000 2.341000
11.775000 2.341000
11.825000 2.341000
11.875000 2.341000
11.925000 2.341000
11.975000 2.341000
12.025000 2.341000
12.075000 2.341000
12.125000 2.341000
12.175000 2.341000
12.225000 2.341000
12.275000 2.341000
12.325000 2.341000
12.375000 2.341000
12.425000 2.341000
12.475000 2.341000
12.525000 2.341000
12.575000 2.341000
12.625000 2.341000
12.675000 2.341000
12.725000 2.341000
12.775000 2.341000
12.825000 2.341000
12.875000 2.341000
12.925000 2.341000
12.975000 2.341000
13.025000 2.341000
13.075000 2.341000
13.125000 2.341000
13.175000 2.341000
13.225000 2.341000
13.275000 2.341000
13.325000 2.341000
13.375000 2.341000
13.425000 2.341000
13.475000 2.341000
13.525000 2.341000
13.575000 2.341000
13.625000 2.341000
13.675000 2.341000
13.725000 2.341000
13.775000 2.341000
13.825000 2.341000
13.875000 2.341000
13.925000 2.341000
13.975000 2.341000
14.025000 2.341000
14.075000 2.341000
14.125000 2.341000
14.175000 2.341000
14.225000 2.341000
14.275000 2.341000
14.325000 2.341000
14.375000 2.341000
14.425000 2.341000
14.475000 2.341000
14.525000 2.341000
14.575000 2.341000
14.625000 2.341000
14.675000 2.341000
14.725000 2.341000
14.775000 2.341000
14.825000 2.341000
14.875000 2.341000
14.925000 2.341000
14.975000 2.341000
15.025000 2.341000
15.075000 2.341000
15.125000 2.341000
15.175000 2.341000
15.225000 2.341000
15.275000 2.341000
15.325000 2.341000
15.375000 2.341000
15.425000 2.341000
15.475000 2.341000
15.525000 2.341000
15.575000 2.341000
15.625000 2.341000
15.675000 2.341000
15.725000 2.341000
15.775000 2.341000
15.825000 2.341000
15.875000 2.341000
15.925000 2.341000
15.975000 2.341000
16.025000 2.341000
16.075000 2.341000
16.125000 2.341000
16.175000 2.341000
16.225000 2.341000
16.275000 2.341000
16.325000 2.341000
16.375000 2.341000
16.425000 2.341000
16.475000 2.341000
16.525000 2.341000
16.575000 2.341000
16.625000 2.341000
16.675000 2.341000
16.725000 2.341000
16.775000 2.341000
16.825000 2.341000
16.875000 2.341000
16.925000 2.341000
16.975000 2.341000
17.025000 2.341000
17.075000 2.341000
17.125000 2.341000
17.175000 2.341000
17.225000 2.341000
17.275000 2.341000
17.325000 2.341000
17.375000 2.341000
17.425000 2.341000
17.475000 2.341000
17.525000 2.341000
17.575000 2.341000
17.625000 2.341000
17.675000 2.341000
17.725000 2.341000
17.775000 2.341000
17.825000 2.341000
17.875000 2.341000
17.925000 2.341000
17.975000 2.341000
18.025000 2.341000
18.075000 2.341000
18.125000 2.341000
18.175000 2.341000
18.225000 2.341000
18.275000 2.341000
18.325000 2.341000
18.375000 2.341000
18.425000 2.341000
18.475000 2.341000
18.525000 2.341000
18.575000 2.341000
18.625000 2.341000
18.675000 2.341000
18.725000 2.341000
18.775000 2.341000
18.825000 2.341000
18.875000 2.341000
18.925000 2.341000
18.975000 2.341000
19.025000 2.341000
19.075000 2.341000
19.125000 2.341000
19.175000 2.341000
19.225000 2.341000
19.275000 2.341000
19.325000 2.341000
19.375000 2.341000
19.425000 2.341000
19.475000 2.341000
19.525000 2.341000
19.575000 2.341000
19.625000 2.341000
19.675000 2.341000
19.725000 2.341000
19.775000 2.341000
19.825000 2.341000
19.875000 2.341000
19.925000 2.341000
19.975000 2.341000
20.025000 2.341000
20.075000 2.341000
20.125000 2.341000
20.175000 2.341000
20.225000 2.341000
20.275000 2.341000
20.325000 2.341000
20.375000 2.341000
20.425000 2.341000
20.475000 2.341000
20.525000 2.341000
20.575000 2.341000
20.625000 2.341000
20.675000 2.341000
20.725000 2.341000
20.775000 2.341000
20.825000 2.341000
20.875000 2.341000
20.925000 2.341000
20.975000 2.341000
21.025000 2.341000
21.075000 2.341000
21.125000 2.341000
21.175000 2.341000
21.225000 2.341000
21.275000 2.341000
21.325000 2.341000
21.375000 2.341000
21.425000 2.341000
21.475000 2.341000
21.525000 2.341000
21.575000 2.341000
21.625000 2.341000
21.675000 2.341000
21.725000 2.341000
21.775000 2.341000
21.825000 2.341000
21.875000 2.341000
21.925000 2.341000
21.975000 2.341000
22.025000 2.341000
22.075000 2.341000
22.125000 2.341000
22.175000 2.341000
22.225000 2.341000
22.275000 2.341000
22.325000 2.341000
22.375000 2.341000
22.425000 2.341000
22.475000 2.341000
22.525000 2.341000
22.575000 2.341000
22.625000 2.341000
22.675000 2.341000
22.725000 2.341000
22.775000 2.341000
22.825000 2.341000
22.875000 2.341000
22.925000 2.341000
22.975000 2.341000
23.025000 2.341000
23.075000 2.341000
23.125000 2.341000
23.175000 2.341000
23.225000 2.341000
23.275000 2.341000
23.325000 2.341000
23.375000 2.341000
23.425000 2.341000
23.475000 2.341000
23.525000 2.341000
23.575000 2.341000
23.625000 2.341000
23.675000 2.341000
23.725000 2.341000
23.775000 2.341000
23.825000 2.341000
23.875000 2.341000
23.925000 2.341000
