0.010000 12400231.000000
0.020000 12395596.000000
0.030000 12389052.000000
0.040000 12382393.000000
0.050000 12375642.000000
0.060000 12368742.000000
0.070000 12361841.000000
0.080000 12354940.000000
0.090000 12348189.000000
0.100000 12341454.000000
0.110000 12334720.000000
0.120000 12327985.000000
0.130000 12321250.000000
0.140000 12314515.000000
0.150000 12307781.000000
0.160000 12301046.000000
0.170000 12294311.000000
0.180000 12287576.000000
0.190000 12280842.000000
0.200000 12274107.000000
0.210000 12267372.000000
0.220000 12260597.000000
0.230000 12253822.000000
0.240000 12247047.000000
0.250000 12240272.000000
0.260000 12233497.000000
0.270000 12226722.000000
0.280000 12219948.000000
0.290000 12213173.000000
0.300000 12206398.000000
0.310000 12199623.000000
0.320000 12192848.000000
0.330000 12186073.000000
0.340000 12179298.000000
0.350000 12172523.000000
0.365000 12162361.000000
0.388000 12147117.000000
0.421000 12124251.000000
0.471000 12090248.000000
0.521000 12056022.000000
0.571000 12021795.000000
0.621000 11987569.000000
0.671000 11953342.000000
0.721000 11919115.000000
0.771000 11884889.000000
0.821000 11850367.000000
0.871000 11814934.000000
0.921000 11779501.000000
0.971000 11744068.000000
1.021000 11708636.000000
1.071000 11673180.000000
1.121000 11636817.000000
1.171000 11600454.000000
1.221000 11564092.000000
1.271000 11527729.000000
1.321000 11493813.000000
1.371000 11460416.000000
1.421000 11427019.000000
1.471000 11393621.000000
1.521000 11360224.000000
1.571000 11326827.000000
1.621000 11293429.000000
1.671000 11260032.000000
1.721000 11226635.000000
1.771000 11193238.000000
1.821000 11159840.000000
1.871000 11126443.000000
1.921000 11093046.000000
1.971000 11059648.000000
2.021000 11026251.000000
2.071000 10992854.000000
2.121000 10959457.000000
2.171000 10926059.000000
2.221000 10892662.000000
2.271000 10859265.000000
2.321000 10825867.000000
2.371000 10792470.000000
2.421000 10759073.000000
2.471000 10725676.000000
2.521000 10692278.000000
2.571000 10658881.000000
2.621000 10625484.000000
2.671000 10592725.000000
2.721000 10562444.000000
2.771000 10532163.000000
2.821000 10501882.000000
2.871000 10472722.000000
2.921000 10444426.000000
2.971000 10423449.000000
3.021000 10404476.000000
3.071000 10393869.000000
3.121000 10387109.000000
3.171000 10381303.000000
3.221000 10380323.000000
3.271000 10379343.000000
3.284000 10379093.000000
3.303000 10379093.000000
3.332000 10379093.000000
3.375000 10379093.000000
3.425000 10379093.000000
3.475000 10379093.000000
3.525000 10379093.000000
3.575000 10379093.000000
3.625000 10379093.000000
3.675000 10379093.000000
3.725000 10379093.000000
3.775000 10379093.000000
3.825000 10379093.000000
3.875000 10379093.000000
3.925000 10379093.000000
3.975000 10379093.000000
4.025000 10379093.000000
4.075000 10379093.000000
4.125000 10379093.000000
4.175000 10379093.000000
4.225000 10379093.000000
4.275000 10379093.000000
4.325000 10379093.000000
4.375000 10379093.000000
4.425000 10379093.000000
4.475000 10379093.000000
4.525000 10379093.000000
4.575000 10379093.000000
4.625000 10379093.000000
4.675000 10379093.000000
4.725000 10379093.000000
4.775000 10379093.000000
4.825000 10379093.000000
4.875000 10379093.000000
4.925000 10379093.000000
4.975000 10379093.000000
5.025000 10379093.000000
5.075000 10379093.000000
5.125000 10379093.000000
5.175000 10379093.000000
5.225000 10379093.000000
5.275000 10379093.000000
5.325000 10379093.000000
5.375000 10379093.000000
5.425000 10379093.000000
5.475000 10379093.000000
5.525000 10379093.000000
5.575000 10379093.000000
5.625000 10379093.000000
5.675000 10379093.000000
5.725000 10379093.000000
5.775000 10379093.000000
5.825000 10379093.000000
5.875000 10379093.000000
5.925000 10379093.000000
5.975000 10379093.000000
6.025000 10379093.000000
6.075000 10379093.000000
6.125000 10379093.000000
6.175000 10379093.000000
6.225000 10379093.000000
6.275000 10379093.000000
6.325000 10379093.000000
6.375000 10379093.000000
6.425000 10379093.000000
6.475000 10379093.000000
6.525000 10379093.000000
6.575000 10379093.000000
6.625000 10379093.000000
6.675000 10379093.000000
6.725000 10379093.000000
6.775000 10379093.000000
6.825000 10379093.000000
6.875000 10379093.000000
6.925000 10379093.000000
6.975000 10379093.000000
7.025000 10379093.000000
7.075000 10379093.000000
7.125000 10379093.000000
7.175000 10379093.000000
7.225000 10379093.000000
7.275000 10379093.000000
7.325000 10379093.000000
7.375000 10379093.000000
7.425000 10379093.000000
7.475000 10379093.000000
7.525000 10379093.000000
7.575000 10379093.000000
7.625000 10379093.000000
7.675000 10379093.000000
7.725000 10379093.000000
7.775000 10379093.000000
7.825000 10379093.000000
7.875000 10379093.000000
7.925000 10379093.000000
7.975000 10379093.000000
8.025000 10379093.000000
8.075000 10379093.000000
8.125000 10379093.000000
8.175000 10379093.000000
8.225000 10379093.000000
8.275000 10379093.000000
8.325000 10379093.000000
8.375000 10379093.000000
8.425000 10379093.000000
8.475000 10379093.000000
8.525000 10379093.000000
8.575000 10379093.000000
8.625000 10379093.000000
8.675000 10379093.000000
8.725000 10379093.000000
8.775000 10379093.000000
8.825000 10379093.000000
8.875000 10379093.000000
8.925000 10379093.000000
8.975000 10379093.000000
9.025000 10379093.000000
9.075000 10379093.000000
9.125000 10379093.000000
9.175000 10379093.000000
9.225000 10379093.000000
9.275000 10379093.000000
9.325000 10379093.000000
9.375000 10379093.000000
9.425000 10379093.000000
9.475000 10379093.000000
9.525000 10379093.000000
9.575000 10379093.000000
9.625000 10379093.000000
9.675000 10379093.000000
9.725000 10379093.000000
9.775000 10379093.000000
9.825000 10379093.000000
9.875000 10379093.000000
9.925000 10379093.000000
9.975000 10379093.000000
10.025000 10379093.000000
10.075000 10379093.000000
10.125000 10379093.000000
10.175000 10379093.000000
10.225000 10379093.000000
10.275000 10379093.000000
10.325000 10379093.000000
10.375000 10379093.000000
10.425000 10379093.000000
10.475000 10379093.000000
10.525000 10379093.000000
10.575000 10379093.000000
10.625000 10379093.000000
10.675000 10379093.000000
10.725000 10379093.000000
10.775000 10379093.000000
10.825000 10379093.000000
10.875000 10379093.000000
10.925000 10379093.000000
10.975000 10379093.000000
11.025000 10379093.000000
11.075000 10379093.000000
11.125000 10379093.000000
11.175000 10379093.000000
11.225000 10379093.000000
11.275000 10379093.000000
11.325000 10379093.000000
11.375000 10379093.000000
11.425000 10379093.000000
11.475000 10379093.000000
11.525000 10379093.000000
11.575000 10379093.000000
11.625000 10379093.000000
11.675000 10379093.000000
11.725000 10379093.000000
11.775000 10379093.000000
11.825000 10379093.000000
11.875000 10379093.000000
11.925000 10379093.000000
11.975000 10379093.000000
12.025000 10379093.000000
12.075000 10379093.000000
12.125000 10379093.000000
12.175000 10379093.000000
12.225000 10379093.000000
12.275000 10379093.000000
12.325000 10379093.000000
12.375000 10379093.000000
12.425000 10379093.000000
12.475000 10379093.000000
12.525000 10379093.000000
12.575000 10379093.000000
12.625000 10379093.000000
12.675000 10379093.000000
12.725000 10379093.000000
12.775000 10379093.000000
12.825000 10379093.000000
12.875000 10379093.000000
12.925000 10379093.000000
12.975000 10379093.000000
13.025000 10379093.000000
13.075000 10379093.000000
13.125000 10379093.000000
13.175000 10379093.000000
13.225000 10379093.000000
13.275000 10379093.000000
13.325000 10379093.000000
13.375000 10379093.000000
13.425000 10379093.000000
13.475000 10379093.000000
13.525000 10379093.000000
13.575000 10379093.000000
13.625000 10379093.000000
13.675000 10379093.000000
13.725000 10379093.000000
13.775000 10379093.000000
13.825000 10379093.000000
13.875000 10379093.000000
13.925000 10379093.000000
13.975000 10379093.000000
14.025000 10379093.000000
14.075000 10379093.000000
14.125000 10379093.000000
14.175000 10379093.000000
14.225000 10379093.000000
14.275000 10379093.000000
14.325000 10379093.000000
14.375000 10379093.000000
14.425000 10379093.000000
14.475000 10379093.000000
14.525000 10379093.000000
14.575000 10379093.000000
14.625000 10379093.000000
14.675000 10379093.000000
14.725000 10379093.000000
14.775000 10379093.000000
14.825000 10379093.000000
14.875000 10379093.000000
14.925000 10379093.000000
14.975000 10379093.000000
15.025000 10379093.000000
15.075000 10379093.000000
15.125000 10379093.000000
15.175000 10379093.000000
15.225000 10379093.000000
15.275000 10379093.000000
15.325000 10379093.000000
15.375000 10379093.000000
15.425000 10379093.000000
15.475000 10379093.000000
15.525000 10379093.000000
15.575000 10379093.000000
15.625000 10379093.000000
15.675000 10379093.000000
15.725000 10379093.000000
15.775000 10379093.000000
15.825000 10379093.000000
15.875000 10379093.000000
15.925000 10379093.000000
15.975000 10379093.000000
16.025000 10379093.000000
16.075000 10379093.000000
16.125000 10379093.000000
16.175000 10379093.000000
16.225000 10379093.000000
16.275000 10379093.000000
16.325000 10379093.000000
16.375000 10379093.000000
16.425000 10379093.000000
16.475000 10379093.000000
16.525000 10379093.000000
16.575000 10379093.000000
16.625000 10379093.000000
16.675000 10379093.000000
16.725000 10379093.000000
16.775000 10379093.000000
16.825000 10379093.000000
16.875000 10379093.000000
16.925000 10379093.000000
16.975000 10379093.000000
17.025000 10379093.000000
17.075000 10379093.000000
17.125000 10379093.000000
17.175000 10379093.000000
17.225000 10379093.000000
17.275000 10379093.000000
17.325000 10379093.000000
17.375000 10379093.000000
17.425000 10379093.000000
17.475000 10379093.000000
17.525000 10379093.000000
17.575000 10379093.000000
17.625000 10379093.000000
17.675000 10379093.000000
17.725000 10379093.000000
17.775000 10379093.000000
17.825000 10379093.000000
17.875000 10379093.000000
17.925000 10379093.000000
17.975000 10379093.000000
18.025000 10379093.000000
18.075000 10379093.000000
18.125000 10379093.000000
18.175000 10379093.000000
18.225000 10379093.000000
18.275000 10379093.000000
18.325000 10379093.000000
18.375000 10379093.000000
18.425000 10379093.000000
18.475000 10379093.000000
18.525000 10379093.000000
18.575000 10379093.000000
18.625000 10379093.000000
18.675000 10379093.000000
18.725000 10379093.000000
18.775000 10379093.000000
18.825000 10379093.000000
18.875000 10379093.000000
18.925000 10379093.000000
18.975000 10379093.000000
19.025000 10379093.000000
19.075000 10379093.000000
19.125000 10379093.000000
19.175000 10379093.000000
19.225000 10379093.000000
19.275000 10379093.000000
19.325000 10379093.000000
19.375000 10379093.000000
19.425000 10379093.000000
19.475000 10379093.000000
19.525000 10379093.000000
19.575000 10379093.000000
19.625000 10379093.000000
19.675000 10379093.000000
19.725000 10379093.000000
19.775000 10379093.000000
19.825000 10379093.000000
19.875000 10379093.000000
19.925000 10379093.000000
19.975000 10379093.000000
20.025000 10379093.000000
20.075000 10379093.000000
20.125000 10379093.000000
20.175000 10379093.000000
20.225000 10379093.000000
20.275000 10379093.000000
20.325000 10379093.000000
20.375000 10379093.000000
20.425000 10379093.000000
20.475000 10379093.000000
20.525000 10379093.000000
20.575000 10379093.000000
20.625000 10379093.000000
20.675000 10379093.000000
20.725000 10379093.000000
20.775000 10379093.000000
20.825000 10379093.000000
20.875000 10379093.000000
20.925000 10379093.000000
20.975000 10379093.000000
21.025000 10379093.000000
21.075000 10379093.000000
21.125000 10379093.000000
21.175000 10379093.000000
21.225000 10379093.000000
21.275000 10379093.000000
21.325000 10379093.000000
21.375000 10379093.000000
21.425000 10379093.000000
21.475000 10379093.000000
21.525000 10379093.000000
21.575000 10379093.000000
21.625000 10379093.000000
21.675000 10379093.000000
21.725000 10379093.000000
21.775000 10379093.000000
21.825000 10379093.000000
21.875000 10379093.000000
21.925000 10379093.000000
21.975000 10379093.000000
22.025000 10379093.000000
22.075000 10379093.000000
22.125000 10379093.000000
22.175000 10379093.000000
22.225000 10379093.000000
22.275000 10379093.000000
22.325000 10379093.000000
22.375000 10379093.000000
22.425000 10379093.000000
22.475000 10379093.000000
22.525000 10379093.000000
22.575000 10379093.000000
22.625000 10379093.000000
22.675000 10379093.000000
22.725000 10379093.000000
22.775000 10379093.000000
22.825000 10379093.000000
22.875000 10379093.000000
22.925000 10379093.000000
22.975000 10379093.000000
23.025000 10379093.000000
23.075000 10379093.000000
23.125000 10379093.000000
23.175000 10379093.000000
23.225000 10379093.000000
23.275000 10379093.000000
23.325000 10379093.000000
23.375000 10379093.000000
23.425000 10379093.000000
23.475000 10379093.000000
23.525000 10379093.000000
23.575000 10379093.000000
23.625000 10379093.000000
23.675000 10379093.000000
23.725000 10379093.000000
23.775000 10379093.000000
23.825000 10379093.000000
23.875000 10379093.000000
23.925000 10379093.000000
