0.010000 444.289000
0.020000 1258.380000
0.030000 1383.471000
0.040000 1367.490000
0.050000 1459.882000
0.060000 1486.142000
0.070000 1458.914000
0.080000 1431.685000
0.090000 1416.018000
0.100000 1417.193000
0.110000 1418.511000
0.120000 1419.829000
0.130000 1421.147000
0.140000 1422.465000
0.150000 1423.783000
0.160000 1425.101000
0.170000 1426.418000
0.180000 1427.736000
0.190000 1429.054000
0.200000 1430.372000
0.210000 1431.690000
0.220000 1432.349000
0.230000 1432.349000
0.240000 1432.349000
0.250000 1432.349000
0.260000 1432.349000
0.270000 1432.349000
0.280000 1432.349000
0.290000 1432.349000
0.300000 1432.349000
0.310000 1432.349000
0.320000 1432.349000
0.330000 1432.349000
0.340000 1432.349000
0.350000 1432.349000
0.365000 1432.349000
0.388000 1432.349000
0.421000 1432.349000
0.471000 1432.627000
0.521000 1435.964000
0.571000 1440.142000
0.621000 1444.321000
0.671000 1448.500000
0.721000 1452.679000
0.771000 1456.858000
0.821000 1461.326000
0.871000 1472.414000
0.921000 1486.256000
0.971000 1500.098000
1.021000 1513.940000
1.071000 1527.778000
1.121000 1535.154000
1.171000 1536.672000
1.221000 1538.190000
1.271000 1539.707000
1.321000 1537.540000
1.371000 1528.396000
1.421000 1519.086000
1.471000 1509.776000
1.521000 1500.466000
1.571000 1491.156000
1.621000 1481.846000
1.671000 1472.536000
1.721000 1463.226000
1.771000 1453.916000
1.821000 1444.606000
1.871000 1435.296000
1.921000 1425.986000
1.971000 1416.676000
2.021000 1407.366000
2.071000 1398.056000
2.121000 1388.746000
2.171000 1379.436000
2.221000 1370.126000
2.271000 1360.816000
2.321000 1351.506000
2.371000 1342.196000
2.421000 1332.886000
2.471000 1323.576000
2.521000 1314.266000
2.571000 1304.956000
2.621000 1295.645000
2.671000 1286.494000
2.721000 1282.354000
2.771000 1280.603000
2.821000 1278.852000
2.871000 1262.897000
2.921000 1180.579000
2.971000 1025.818000
3.021000 732.088000
3.071000 465.805000
3.121000 297.913000
3.171000 138.567000
3.221000 60.106000
3.271000 25.858000
3.284000 4.367000
3.303000 0.000000
3.332000 0.000000
3.375000 0.000000
3.425000 0.000000
3.475000 0.000000
3.525000 0.000000
3.575000 0.000000
3.625000 0.000000
3.675000 0.000000
3.725000 0.000000
3.775000 0.000000
3.825000 0.000000
3.875000 0.000000
3.925000 0.000000
3.975000 0.000000
4.025000 0.000000
4.075000 0.000000
4.125000 0.000000
4.175000 0.000000
4.225000 0.000000
4.275000 0.000000
4.325000 0.000000
4.375000 0.000000
4.425000 0.000000
4.475000 0.000000
4.525000 0.000000
4.575000 0.000000
4.625000 0.000000
4.675000 0.000000
4.725000 0.000000
4.775000 0.000000
4.825000 0.000000
4.875000 0.000000
4.925000 0.000000
4.975000 0.000000
5.025000 0.000000
5.075000 0.000000
5.125000 0.000000
5.175000 0.000000
5.225000 0.000000
5.275000 0.000000
5.325000 0.000000
5.375000 0.000000
5.425000 0.000000
5.475000 0.000000
5.525000 0.000000
5.575000 0.000000
5.625000 0.000000
5.675000 0.000000
5.725000 0.000000
5.775000 0.000000
5.825000 0.000000
5.875000 0.000000
5.925000 0.000000
5.975000 0.000000
6.025000 0.000000
6.075000 0.000000
6.125000 0.000000
6.175000 0.000000
6.225000 0.000000
6.275000 0.000000
6.325000 0.000000
6.375000 0.000000
6.425000 0.000000
6.475000 0.000000
6.525000 0.000000
6.575000 0.000000
6.625000 0.000000
6.675000 0.000000
6.725000 0.000000
6.775000 0.000000
6.825000 0.000000
6.875000 0.000000
6.925000 0.000000
6.975000 0.000000
7.025000 0.000000
7.075000 0.000000
7.125000 0.000000
7.175000 0.000000
7.225000 0.000000
7.275000 0.000000
7.325000 0.000000
7.375000 0.000000
7.425000 0.000000
7.475000 0.000000
7.525000 0.000000
7.575000 0.000000
7.625000 0.000000
7.675000 0.000000
7.725000 0.000000
7.775000 0.000000
7.825000 0.000000
7.875000 0.000000
7.925000 0.000000
7.975000 0.000000
8.025000 0.000000
8.075000 0.000000
8.125000 0.000000
8.175000 0.000000
8.225000 0.000000
8.275000 0.000000
8.325000 0.000000
8.375000 0.000000
8.425000 0.000000
8.475000 0.000000
8.525000 0.000000
8.575000 0.000000
8.625000 0.000000
8.675000 0.000000
8.725000 0.000000
8.775000 0.000000
8.825000 0.000000
8.875000 0.000000
8.925000 0.000000
8.975000 0.000000
9.025000 0.000000
9.075000 0.000000
9.125000 0.000000
9.175000 0.000000
9.225000 0.000000
9.275000 0.000000
9.325000 0.000000
9.375000 0.000000
9.425000 0.000000
9.475000 0.000000
9.525000 0.000000
9.575000 0.000000
9.625000 0.000000
9.675000 0.000000
9.725000 0.000000
9.775000 0.000000
9.825000 0.000000
9.875000 0.000000
9.925000 0.000000
9.975000 0.000000
10.025000 0.000000
10.075000 0.000000
10.125000 0.000000
10.175000 0.000000
10.225000 0.000000
10.275000 0.000000
10.325000 0.000000
10.375000 0.000000
10.425000 0.000000
10.475000 0.000000
10.525000 0.000000
10.575000 0.000000
10.625000 0.000000
10.675000 0.000000
10.725000 0.000000
10.775000 0.000000
10.825000 0.000000
10.875000 0.000000
10.925000 0.000000
10.975000 0.000000
11.025000 0.000000
11.075000 0.000000
11.125000 0.000000
11.175000 0.000000
11.225000 0.000000
11.275000 0.000000
11.325000 0.000000
11.375000 0.000000
11.425000 0.000000
11.475000 0.000000
11.525000 0.000000
11.575000 0.000000
11.625000 0.000000
11.675000 0.000000
11.725000 0.000000
11.775000 0.000000
11.825000 0.000000
11.875000 0.000000
11.925000 0.000000
11.975000 0.000000
12.025000 0.000000
12.075000 0.000000
12.125000 0.000000
12.175000 0.000000
12.225000 0.000000
12.275000 0.000000
12.325000 0.000000
12.375000 0.000000
12.425000 0.000000
12.475000 0.000000
12.525000 0.000000
12.575000 0.000000
12.625000 0.000000
12.675000 0.000000
12.725000 0.000000
12.775000 0.000000
12.825000 0.000000
12.875000 0.000000
12.925000 0.000000
12.975000 0.000000
13.025000 0.000000
13.075000 0.000000
13.125000 0.000000
13.175000 0.000000
13.225000 0.000000
13.275000 0.000000
13.325000 0.000000
13.375000 0.000000
13.425000 0.000000
13.475000 0.000000
13.525000 0.000000
13.575000 0.000000
13.625000 0.000000
13.675000 0.000000
13.725000 0.000000
13.775000 0.000000
13.825000 0.000000
13.875000 0.000000
13.925000 0.000000
13.975000 0.000000
14.025000 0.000000
14.075000 0.000000
14.125000 0.000000
14.175000 0.000000
14.225000 0.000000
14.275000 0.000000
14.325000 0.000000
14.375000 0.000000
14.425000 0.000000
14.475000 0.000000
14.525000 0.000000
14.575000 0.000000
14.625000 0.000000
14.675000 0.000000
14.725000 0.000000
14.775000 0.000000
14.825000 0.000000
14.875000 0.000000
14.925000 0.000000
14.975000 0.000000
15.025000 0.000000
15.075000 0.000000
15.125000 0.000000
15.175000 0.000000
15.225000 0.000000
15.275000 0.000000
15.325000 0.000000
15.375000 0.000000
15.425000 0.000000
15.475000 0.000000
15.525000 0.000000
15.575000 0.000000
15.625000 0.000000
15.675000 0.000000
15.725000 0.000000
15.775000 0.000000
15.825000 0.000000
15.875000 0.000000
15.925000 0.000000
15.975000 0.000000
16.025000 0.000000
16.075000 0.000000
16.125000 0.000000
16.175000 0.000000
16.225000 0.000000
16.275000 0.000000
16.325000 0.000000
16.375000 0.000000
16.425000 0.000000
16.475000 0.000000
16.525000 0.000000
16.575000 0.000000
16.625000 0.000000
16.675000 0.000000
16.725000 0.000000
16.775000 0.000000
16.825000 0.000000
16.875000 0.000000
16.925000 0.000000
16.975000 0.000000
17.025000 0.000000
17.075000 0.000000
17.125000 0.000000
17.175000 0.000000
17.225000 0.000000
17.275000 0.000000
17.325000 0.000000
17.375000 0.000000
17.425000 0.000000
17.475000 0.000000
17.525000 0.000000
17.575000 0.000000
17.625000 0.000000
17.675000 0.000000
17.725000 0.000000
17.775000 0.000000
17.825000 0.000000
17.875000 0.000000
17.925000 0.000000
17.975000 0.000000
18.025000 0.000000
18.075000 0.000000
18.125000 0.000000
18.175000 0.000000
18.225000 0.000000
18.275000 0.000000
18.325000 0.000000
18.375000 0.000000
18.425000 0.000000
18.475000 0.000000
18.525000 0.000000
18.575000 0.000000
18.625000 0.000000
18.675000 0.000000
18.725000 0.000000
18.775000 0.000000
18.825000 0.000000
18.875000 0.000000
18.925000 0.000000
18.975000 0.000000
19.025000 0.000000
19.075000 0.000000
19.125000 0.000000
19.175000 0.000000
19.225000 0.000000
19.275000 0.000000
19.325000 0.000000
19.375000 0.000000
19.425000 0.000000
19.475000 0.000000
19.525000 0.000000
19.575000 0.000000
19.625000 0.000000
19.675000 0.000000
19.725000 0.000000
19.775000 0.000000
19.825000 0.000000
19.875000 0.000000
19.925000 0.000000
19.975000 0.000000
20.025000 0.000000
20.075000 0.000000
20.125000 0.000000
20.175000 0.000000
20.225000 0.000000
20.275000 0.000000
20.325000 0.000000
20.375000 0.000000
20.425000 0.000000
20.475000 0.000000
20.525000 0.000000
20.575000 0.000000
20.625000 0.000000
20.675000 0.000000
20.725000 0.000000
20.775000 0.000000
20.825000 0.000000
20.875000 0.000000
20.925000 0.000000
20.975000 0.000000
21.025000 0.000000
21.075000 0.000000
21.125000 0.000000
21.175000 0.000000
21.225000 0.000000
21.275000 0.000000
21.325000 0.000000
21.375000 0.000000
21.425000 0.000000
21.475000 0.000000
21.525000 0.000000
21.575000 0.000000
21.625000 0.000000
21.675000 0.000000
21.725000 0.000000
21.775000 0.000000
21.825000 0.000000
21.875000 0.000000
21.925000 0.000000
21.975000 0.000000
22.025000 0.000000
22.075000 0.000000
22.125000 0.000000
22.175000 0.000000
22.225000 0.000000
22.275000 0.000000
22.325000 0.000000
22.375000 0.000000
22.425000 0.000000
22.475000 0.000000
22.525000 0.000000
22.575000 0.000000
22.625000 0.000000
22.675000 0.000000
22.725000 0.000000
22.775000 0.000000
22.825000 0.000000
22.875000 0.000000
22.925000 0.000000
22.975000 0.000000
23.025000 0.000000
23.075000 0.000000
23.125000 0.000000
23.175000 0.000000
23.225000 0.000000
23.275000 0.000000
23.325000 0.000000
23.375000 0.000000
23.425000 0.000000
23.475000 0.000000
23.525000 0.000000
23.575000 0.000000
23.625000 0.000000
23.675000 0.000000
23.725000 0.000000
23.775000 0.000000
23.825000 0.000000
23.875000 0.000000
23.925000 0.000000
