MACH, ALPHA, CL
0.0,0.50,0.116
0.0,1.00,0.235
0.0,1.50,0.359
0.0,2.00,0.489
0.0,2.50,0.625
0.0,3.00,0.766
0.0,3.50,0.912
0.0,4.00,1.062
0.0,4.50,1.203
0.0,5.00,1.354
0.0,5.50,1.508
0.0,6.00,1.665
0.0,6.50,1.823
0.0,7.00,1.985
0.0,8.00,2.322
0.0,9.00,2.666
0.0,10.00,3.005
0.0,13.00,4.008
0.0,15.00,4.651
0.0,20.00,6.173
----------
0.1,0.50,0.117
0.1,1.00,0.239
0.1,1.50,0.365
0.1,2.00,0.497
0.1,2.50,0.635
0.1,3.00,0.778
0.1,3.50,0.925
0.1,4.00,1.077
0.1,4.50,1.220
0.1,5.00,1.373
0.1,5.50,1.529
0.1,6.00,1.688
0.1,6.50,1.849
0.1,7.00,2.012
0.1,8.00,2.353
0.1,9.00,2.701
0.1,10.00,3.043
0.1,13.00,4.053
0.1,15.00,4.699
0.1,20.00,6.223
----------
0.2,0.50,0.118
0.2,1.00,0.240
0.2,1.50,0.367
0.2,2.00,0.500
0.2,2.50,0.639
0.2,3.00,0.783
0.2,3.50,0.931
0.2,4.00,1.084
0.2,4.50,1.228
0.2,5.00,1.382
0.2,5.50,1.539
0.2,6.00,1.699
0.2,6.50,1.861
0.2,7.00,2.026
0.2,8.00,2.369
0.2,9.00,2.720
0.2,10.00,3.065
0.2,13.00,4.078
0.2,15.00,4.728
0.2,20.00,6.265
----------
0.3,0.50,0.119
0.3,1.00,0.242
0.3,1.50,0.370
0.3,2.00,0.504
0.3,2.50,0.644
0.3,3.00,0.788
0.3,3.50,0.938
0.3,4.00,1.092
0.3,4.50,1.237
0.3,5.00,1.393
0.3,5.50,1.551
0.3,6.00,1.712
0.3,6.50,1.875
0.3,7.00,2.042
0.3,8.00,2.388
0.3,9.00,2.741
0.3,10.00,3.090
0.3,13.00,4.105
0.3,15.00,4.756
0.3,20.00,6.300
----------
0.4,0.50,0.121
0.4,1.00,0.246
0.4,1.50,0.375
0.4,2.00,0.511
0.4,2.50,0.653
0.4,3.00,0.799
0.4,3.50,0.950
0.4,4.00,1.106
0.4,4.50,1.253
0.4,5.00,1.410
0.4,5.50,1.569
0.4,6.00,1.732
0.4,6.50,1.897
0.4,7.00,2.065
0.4,8.00,2.414
0.4,9.00,2.770
0.4,10.00,3.123
0.4,13.00,4.139
0.4,15.00,4.788
0.4,20.00,6.330
----------
0.5,0.50,0.123
0.5,1.00,0.249
0.5,1.50,0.381
0.5,2.00,0.519
0.5,2.50,0.662
0.5,3.00,0.810
0.5,3.50,0.963
0.5,4.00,1.120
0.5,4.50,1.268
0.5,5.00,1.427
0.5,5.50,1.588
0.5,6.00,1.752
0.5,6.50,1.918
0.5,7.00,2.087
0.5,8.00,2.440
0.5,9.00,2.799
0.5,10.00,3.154
0.5,13.00,4.167
0.5,15.00,4.813
0.5,20.00,6.339
----------
0.6,0.50,0.125
0.6,1.00,0.254
0.6,1.50,0.387
0.6,2.00,0.527
0.6,2.50,0.672
0.6,3.00,0.822
0.6,3.50,0.976
0.6,4.00,1.135
0.6,4.50,1.285
0.6,5.00,1.445
0.6,5.50,1.608
0.6,6.00,1.773
0.6,6.50,1.941
0.6,7.00,2.111
0.6,8.00,2.467
0.6,9.00,2.830
0.6,10.00,3.185
0.6,13.00,4.186
0.6,15.00,4.823
0.6,20.00,6.315
----------
0.7,0.50,0.130
0.7,1.00,0.264
0.7,1.50,0.403
0.7,2.00,0.548
0.7,2.50,0.698
0.7,3.00,0.854
0.7,3.50,1.013
0.7,4.00,1.178
0.7,4.50,1.332
0.7,5.00,1.497
0.7,5.50,1.665
0.7,6.00,1.835
0.7,6.50,2.007
0.7,7.00,2.183
0.7,8.00,2.548
0.7,9.00,2.922
0.7,10.00,3.287
0.7,13.00,4.322
0.7,15.00,4.985
0.7,20.00,6.596
----------
0.8,0.50,0.139
0.8,1.00,0.281
0.8,1.50,0.428
0.8,2.00,0.581
0.8,2.50,0.739
0.8,3.00,0.902
0.8,3.50,1.069
0.8,4.00,1.240
0.8,4.50,1.402
0.8,5.00,1.573
0.8,5.50,1.748
0.8,6.00,1.924
0.8,6.50,2.102
0.8,7.00,2.284
0.8,8.00,2.662
0.8,9.00,3.047
0.8,10.00,3.423
0.8,13.00,4.501
0.8,15.00,5.209
0.8,20.00,6.988
----------
0.9,0.50,0.143
0.9,1.00,0.289
0.9,1.50,0.440
0.9,2.00,0.597
0.9,2.50,0.758
0.9,3.00,0.924
0.9,3.50,1.093
0.9,4.00,1.267
0.9,4.50,1.430
0.9,5.00,1.603
0.9,5.50,1.779
0.9,6.00,1.956
0.9,6.50,2.136
0.9,7.00,2.318
0.9,8.00,2.697
0.9,9.00,3.085
0.9,10.00,3.467
0.9,13.00,4.576
0.9,15.00,5.332
0.9,20.00,7.225
----------
1.0,0.50,0.151
1.0,1.00,0.306
1.0,1.50,0.465
1.0,2.00,0.630
1.0,2.50,0.800
1.0,3.00,0.974
1.0,3.50,1.153
1.0,4.00,1.335
1.0,4.50,1.506
1.0,5.00,1.688
1.0,5.50,1.872
1.0,6.00,2.059
1.0,6.50,2.247
1.0,7.00,2.438
1.0,8.00,2.835
1.0,9.00,3.242
1.0,10.00,3.643
1.0,13.00,4.841
1.0,15.00,5.664
1.0,20.00,7.764
----------
1.1,0.50,0.161
1.1,1.00,0.326
1.1,1.50,0.496
1.1,2.00,0.672
1.1,2.50,0.852
1.1,3.00,1.038
1.1,3.50,1.227
1.1,4.00,1.420
1.1,4.50,1.602
1.1,5.00,1.794
1.1,5.50,1.988
1.1,6.00,2.185
1.1,6.50,2.384
1.1,7.00,2.585
1.1,8.00,3.002
1.1,9.00,3.427
1.1,10.00,3.846
1.1,13.00,5.144
1.1,15.00,6.048
1.1,20.00,8.375
----------
1.2,0.50,0.171
1.2,1.00,0.345
1.2,1.50,0.524
1.2,2.00,0.709
1.2,2.50,0.898
1.2,3.00,1.092
1.2,3.50,1.290
1.2,4.00,1.491
1.2,4.50,1.679
1.2,5.00,1.879
1.2,5.50,2.080
1.2,6.00,2.283
1.2,6.50,2.488
1.2,7.00,2.695
1.2,8.00,3.122
1.2,9.00,3.554
1.2,10.00,3.983
1.2,13.00,5.337
1.2,15.00,6.291
1.2,20.00,8.797
----------
1.3,0.50,0.159
1.3,1.00,0.321
1.3,1.50,0.487
1.3,2.00,0.658
1.3,2.50,0.834
1.3,3.00,1.014
1.3,3.50,1.197
1.3,4.00,1.384
1.3,4.50,1.558
1.3,5.00,1.742
1.3,5.50,1.929
1.3,6.00,2.117
1.3,6.50,2.307
1.3,7.00,2.499
1.3,8.00,2.893
1.3,9.00,3.294
1.3,10.00,3.698
1.3,13.00,4.995
1.3,15.00,5.935
1.3,20.00,8.612
----------
1.4,0.50,0.122
1.4,1.00,0.247
1.4,1.50,0.376
1.4,2.00,0.508
1.4,2.50,0.645
1.4,3.00,0.785
1.4,3.50,0.928
1.4,4.00,1.075
1.4,4.50,1.212
1.4,5.00,1.358
1.4,5.50,1.506
1.4,6.00,1.656
1.4,6.50,1.809
1.4,7.00,1.963
1.4,8.00,2.279
1.4,9.00,2.610
1.4,10.00,2.947
1.4,13.00,4.067
1.4,15.00,4.913
1.4,20.00,7.511
----------
1.5,0.50,0.118
1.5,1.00,0.239
1.5,1.50,0.364
1.5,2.00,0.493
1.5,2.50,0.626
1.5,3.00,0.763
1.5,3.50,0.902
1.5,4.00,1.045
1.5,4.50,1.179
1.5,5.00,1.322
1.5,5.50,1.466
1.5,6.00,1.612
1.5,6.50,1.760
1.5,7.00,1.910
1.5,8.00,2.219
1.5,9.00,2.541
1.5,10.00,2.868
1.5,13.00,3.967
1.5,15.00,4.801
1.5,20.00,7.419
----------
1.6,0.50,0.114
1.6,1.00,0.231
1.6,1.50,0.352
1.6,2.00,0.476
1.6,2.50,0.605
1.6,3.00,0.737
1.6,3.50,0.872
1.6,4.00,1.011
1.6,4.50,1.140
1.6,5.00,1.278
1.6,5.50,1.418
1.6,6.00,1.560
1.6,6.50,1.704
1.6,7.00,1.849
1.6,8.00,2.151
1.6,9.00,2.465
1.6,10.00,2.784
1.6,13.00,3.871
1.6,15.00,4.721
1.6,20.00,7.346
----------
1.7,0.50,0.110
1.7,1.00,0.223
1.7,1.50,0.340
1.7,2.00,0.461
1.7,2.50,0.585
1.7,3.00,0.713
1.7,3.50,0.845
1.7,4.00,0.979
1.7,4.50,1.106
1.7,5.00,1.240
1.7,5.50,1.376
1.7,6.00,1.515
1.7,6.50,1.655
1.7,7.00,1.799
1.7,8.00,2.097
1.7,9.00,2.405
1.7,10.00,2.719
1.7,13.00,3.805
1.7,15.00,4.691
1.7,20.00,7.322
----------
1.8,0.50,0.106
1.8,1.00,0.216
1.8,1.50,0.329
1.8,2.00,0.446
1.8,2.50,0.567
1.8,3.00,0.691
1.8,3.50,0.819
1.8,4.00,0.950
1.8,4.50,1.073
1.8,5.00,1.205
1.8,5.50,1.338
1.8,6.00,1.473
1.8,6.50,1.612
1.8,7.00,1.755
1.8,8.00,2.047
1.8,9.00,2.350
1.8,10.00,2.661
1.8,13.00,3.752
1.8,15.00,4.670
1.8,20.00,7.256
----------
1.9,0.50,0.103
1.9,1.00,0.209
1.9,1.50,0.318
1.9,2.00,0.432
1.9,2.50,0.550
1.9,3.00,0.671
1.9,3.50,0.795
1.9,4.00,0.923
1.9,4.50,1.043
1.9,5.00,1.172
1.9,5.50,1.302
1.9,6.00,1.435
1.9,6.50,1.573
1.9,7.00,1.714
1.9,8.00,2.002
1.9,9.00,2.301
1.9,10.00,2.608
1.9,13.00,3.721
1.9,15.00,4.658
1.9,20.00,7.130
