0.010000 1.046000
0.020000 0.761000
0.030000 0.683000
0.040000 0.643000
0.050000 0.616000
0.060000 0.596000
0.070000 0.581000
0.080000 0.569000
0.090000 0.559000
0.100000 0.551000
0.110000 0.544000
0.120000 0.538000
0.130000 0.534000
0.140000 0.532000
0.150000 0.530000
0.160000 0.528000
0.170000 0.527000
0.180000 0.525000
0.190000 0.524000
0.200000 0.523000
0.210000 0.521000
0.220000 0.520000
0.230000 0.519000
0.240000 0.518000
0.250000 0.517000
0.260000 0.516000
0.270000 0.515000
0.280000 0.515000
0.290000 0.514000
0.300000 0.513000
0.310000 0.513000
0.320000 0.512000
0.330000 0.511000
0.340000 0.511000
0.350000 0.510000
0.365000 0.509000
0.388000 0.508000
0.421000 0.508000
0.471000 0.509000
0.521000 0.509000
0.571000 0.510000
0.621000 0.511000
0.671000 0.512000
0.721000 0.513000
0.771000 0.514000
0.821000 0.515000
0.871000 0.516000
0.921000 0.517000
0.971000 0.518000
1.021000 0.520000
1.071000 0.521000
1.121000 0.523000
1.171000 0.524000
1.221000 0.526000
1.271000 0.528000
1.321000 0.530000
1.371000 0.532000
1.421000 0.534000
1.471000 0.536000
1.521000 0.538000
1.571000 0.540000
1.621000 0.542000
1.671000 0.545000
1.721000 0.547000
1.771000 0.550000
1.821000 0.552000
1.871000 0.555000
1.921000 0.557000
1.971000 0.560000
2.021000 0.562000
2.071000 0.565000
2.121000 0.568000
2.171000 0.570000
2.221000 0.573000
2.271000 0.576000
2.321000 0.579000
2.371000 0.581000
2.421000 0.584000
2.471000 0.587000
2.521000 0.590000
2.571000 0.593000
2.621000 0.596000
2.671000 0.598000
2.721000 0.601000
2.771000 0.604000
2.821000 0.607000
2.871000 0.610000
2.921000 0.612000
2.971000 0.614000
3.021000 0.615000
3.071000 0.615000
3.121000 0.615000
3.171000 0.614000
3.221000 0.613000
3.271000 0.612000
3.284000 0.612000
3.303000 0.612000
3.332000 0.611000
3.375000 0.610000
3.425000 0.609000
3.475000 0.608000
3.525000 0.607000
3.575000 0.606000
3.625000 0.604000
3.675000 0.603000
3.725000 0.602000
3.775000 0.601000
3.825000 0.600000
3.875000 0.599000
3.925000 0.598000
3.975000 0.597000
4.025000 0.596000
4.075000 0.595000
4.125000 0.594000
4.175000 0.593000
4.225000 0.592000
4.275000 0.591000
4.325000 0.590000
4.375000 0.589000
4.425000 0.589000
4.475000 0.588000
4.525000 0.587000
4.575000 0.586000
4.625000 0.585000
4.675000 0.584000
4.725000 0.583000
4.775000 0.583000
4.825000 0.582000
4.875000 0.581000
4.925000 0.580000
4.975000 0.580000
5.025000 0.579000
5.075000 0.578000
5.125000 0.577000
5.175000 0.577000
5.225000 0.576000
5.275000 0.575000
5.325000 0.575000
5.375000 0.574000
5.425000 0.573000
5.475000 0.572000
5.525000 0.572000
5.575000 0.571000
5.625000 0.571000
5.675000 0.570000
5.725000 0.569000
5.775000 0.569000
5.825000 0.568000
5.875000 0.567000
5.925000 0.567000
5.975000 0.566000
6.025000 0.566000
6.075000 0.565000
6.125000 0.565000
6.175000 0.564000
6.225000 0.563000
6.275000 0.563000
6.325000 0.562000
6.375000 0.562000
6.425000 0.561000
6.475000 0.561000
6.525000 0.560000
6.575000 0.560000
6.625000 0.559000
6.675000 0.559000
6.725000 0.558000
6.775000 0.558000
6.825000 0.557000
6.875000 0.557000
6.925000 0.556000
6.975000 0.556000
7.025000 0.555000
7.075000 0.555000
7.125000 0.554000
7.175000 0.554000
7.225000 0.553000
7.275000 0.553000
7.325000 0.553000
7.375000 0.552000
7.425000 0.552000
7.475000 0.551000
7.525000 0.551000
7.575000 0.550000
7.625000 0.550000
7.675000 0.550000
7.725000 0.549000
7.775000 0.549000
7.825000 0.548000
7.875000 0.548000
7.925000 0.548000
7.975000 0.547000
8.025000 0.547000
8.075000 0.546000
8.125000 0.546000
8.175000 0.546000
8.225000 0.545000
8.275000 0.545000
8.325000 0.545000
8.375000 0.544000
8.425000 0.544000
8.475000 0.544000
8.525000 0.543000
8.575000 0.543000
8.625000 0.542000
8.675000 0.542000
8.725000 0.542000
8.775000 0.541000
8.825000 0.541000
8.875000 0.541000
8.925000 0.541000
8.975000 0.540000
9.025000 0.540000
9.075000 0.540000
9.125000 0.539000
9.175000 0.539000
9.225000 0.539000
9.275000 0.538000
9.325000 0.538000
9.375000 0.538000
9.425000 0.537000
9.475000 0.537000
9.525000 0.537000
9.575000 0.537000
9.625000 0.536000
9.675000 0.536000
9.725000 0.536000
9.775000 0.535000
9.825000 0.535000
9.875000 0.535000
9.925000 0.535000
9.975000 0.534000
10.025000 0.534000
10.075000 0.534000
10.125000 0.534000
10.175000 0.533000
10.225000 0.533000
10.275000 0.533000
10.325000 0.532000
10.375000 0.532000
10.425000 0.532000
10.475000 0.532000
10.525000 0.531000
10.575000 0.531000
10.625000 0.531000
10.675000 0.531000
10.725000 0.531000
10.775000 0.530000
10.825000 0.530000
10.875000 0.530000
10.925000 0.530000
10.975000 0.529000
11.025000 0.529000
11.075000 0.529000
11.125000 0.529000
11.175000 0.528000
11.225000 0.528000
11.275000 0.528000
11.325000 0.528000
11.375000 0.528000
11.425000 0.527000
11.475000 0.527000
11.525000 0.527000
11.575000 0.527000
11.625000 0.527000
11.675000 0.526000
11.725000 0.526000
11.775000 0.526000
11.825000 0.526000
11.875000 0.526000
11.925000 0.525000
11.975000 0.525000
12.025000 0.525000
12.075000 0.525000
12.125000 0.525000
12.175000 0.524000
12.225000 0.524000
12.275000 0.524000
12.325000 0.524000
12.375000 0.524000
12.425000 0.523000
12.475000 0.523000
12.525000 0.523000
12.575000 0.523000
12.625000 0.523000
12.675000 0.523000
12.725000 0.522000
12.775000 0.522000
12.825000 0.522000
12.875000 0.522000
12.925000 0.522000
12.975000 0.522000
13.025000 0.521000
13.075000 0.521000
13.125000 0.521000
13.175000 0.521000
13.225000 0.521000
13.275000 0.521000
13.325000 0.520000
13.375000 0.520000
13.425000 0.520000
13.475000 0.520000
13.525000 0.520000
13.575000 0.520000
13.625000 0.519000
13.675000 0.519000
13.725000 0.519000
13.775000 0.519000
13.825000 0.519000
13.875000 0.519000
13.925000 0.519000
13.975000 0.518000
14.025000 0.518000
14.075000 0.518000
14.125000 0.518000
14.175000 0.518000
14.225000 0.518000
14.275000 0.518000
14.325000 0.517000
14.375000 0.517000
14.425000 0.517000
14.475000 0.517000
14.525000 0.517000
14.575000 0.517000
14.625000 0.517000
14.675000 0.517000
14.725000 0.516000
14.775000 0.516000
14.825000 0.516000
14.875000 0.516000
14.925000 0.516000
14.975000 0.516000
15.025000 0.516000
15.075000 0.516000
15.125000 0.515000
15.175000 0.515000
15.225000 0.515000
15.275000 0.515000
15.325000 0.515000
15.375000 0.515000
15.425000 0.515000
15.475000 0.515000
15.525000 0.515000
15.575000 0.514000
15.625000 0.514000
15.675000 0.514000
15.725000 0.514000
15.775000 0.514000
15.825000 0.514000
15.875000 0.514000
15.925000 0.514000
15.975000 0.514000
16.025000 0.513000
16.075000 0.513000
16.125000 0.513000
16.175000 0.513000
16.225000 0.513000
16.275000 0.513000
16.325000 0.513000
16.375000 0.513000
16.425000 0.513000
16.475000 0.513000
16.525000 0.512000
16.575000 0.512000
16.625000 0.512000
16.675000 0.512000
16.725000 0.512000
16.775000 0.512000
16.825000 0.512000
16.875000 0.512000
16.925000 0.512000
16.975000 0.512000
17.025000 0.512000
17.075000 0.511000
17.125000 0.511000
17.175000 0.511000
17.225000 0.511000
17.275000 0.511000
17.325000 0.511000
17.375000 0.511000
17.425000 0.511000
17.475000 0.511000
17.525000 0.511000
17.575000 0.511000
17.625000 0.511000
17.675000 0.511000
17.725000 0.510000
17.775000 0.510000
17.825000 0.510000
17.875000 0.510000
17.925000 0.510000
17.975000 0.510000
18.025000 0.510000
18.075000 0.510000
18.125000 0.510000
18.175000 0.510000
18.225000 0.510000
18.275000 0.510000
18.325000 0.510000
18.375000 0.510000
18.425000 0.509000
18.475000 0.509000
18.525000 0.509000
18.575000 0.509000
18.625000 0.509000
18.675000 0.509000
18.725000 0.510000
18.775000 0.510000
18.825000 0.510000
18.875000 0.510000
18.925000 0.510000
18.975000 0.510000
19.025000 0.511000
19.075000 0.511000
19.125000 0.511000
19.175000 0.511000
19.225000 0.511000
19.275000 0.511000
19.325000 0.512000
19.375000 0.512000
19.425000 0.512000
19.475000 0.512000
19.525000 0.512000
19.575000 0.513000
19.625000 0.513000
19.675000 0.513000
19.725000 0.513000
19.775000 0.514000
19.825000 0.514000
19.875000 0.514000
19.925000 0.514000
19.975000 0.515000
20.025000 0.515000
20.075000 0.515000
20.125000 0.515000
20.175000 0.516000
20.225000 0.516000
20.275000 0.516000
20.325000 0.516000
20.375000 0.517000
20.425000 0.517000
20.475000 0.517000
20.525000 0.518000
20.575000 0.518000
20.625000 0.518000
20.675000 0.519000
20.725000 0.519000
20.775000 0.519000
20.825000 0.520000
20.875000 0.520000
20.925000 0.520000
20.975000 0.521000
21.025000 0.521000
21.075000 0.522000
21.125000 0.522000
21.175000 0.523000
21.225000 0.523000
21.275000 0.523000
21.325000 0.524000
21.375000 0.524000
21.425000 0.525000
21.475000 0.525000
21.525000 0.526000
21.575000 0.526000
21.625000 0.527000
21.675000 0.528000
21.725000 0.528000
21.775000 0.529000
21.825000 0.529000
21.875000 0.530000
21.925000 0.531000
21.975000 0.531000
22.025000 0.532000
22.075000 0.533000
22.125000 0.534000
22.175000 0.534000
22.225000 0.535000
22.275000 0.536000
22.325000 0.538000
22.375000 0.540000
22.425000 0.543000
22.475000 0.545000
22.525000 0.548000
22.575000 0.551000
22.625000 0.553000
22.675000 0.556000
22.725000 0.560000
22.775000 0.563000
22.825000 0.567000
22.875000 0.570000
22.925000 0.574000
22.975000 0.579000
23.025000 0.583000
23.075000 0.589000
23.125000 0.594000
23.175000 0.600000
23.225000 0.607000
23.275000 0.614000
23.325000 0.623000
23.375000 0.632000
23.425000 0.643000
23.475000 0.656000
23.525000 0.671000
23.575000 0.689000
23.625000 0.713000
23.675000 0.745000
23.725000 0.792000
23.775000 0.869000
23.825000 1.008000
23.875000 0.975000
23.925000 0.849000
