0.00    0.626
0.01	0.626
0.02	0.621
0.03	0.613
0.04	0.604
0.05	0.595
0.06	0.585
0.07	0.576
0.08	0.569
0.09	0.561
0.1	0.555
0.11	0.549
0.12	0.544
0.13	0.539
0.14	0.537
0.15	0.535
0.16	0.534
0.17	0.532
0.18	0.531
0.19	0.53
0.2	0.528
0.21	0.527
0.22	0.526
0.23	0.525
0.24	0.524
0.25	0.523
0.26	0.522
0.27	0.521
0.28	0.521
0.29	0.52
0.3	0.519
0.31	0.518
0.32	0.518
0.33	0.517
0.345	0.516
0.368	0.515
0.401	0.513
0.451	0.511
0.501	0.512
0.551	0.513
0.601	0.513
0.651	0.514
0.701	0.515
0.751	0.516
0.801	0.517
0.851	0.518
0.901	0.519
0.951	0.521
1.001	0.522
1.047	0.523
1.09	0.524
1.131	0.526
1.178	0.527
1.228	0.529
1.278	0.531
1.328	0.533
1.37	0.534
1.402	0.536
1.431	0.537
1.462	0.538
1.499	0.54
1.549	0.542
1.599	0.544
1.637	0.546
1.664	0.547
1.689	0.548
1.716	0.549
1.753	0.551
1.803	0.553
1.853	0.556
1.884	0.557
1.909	0.559
1.935	0.56
1.964	0.562
2.008	0.564
2.058	0.566
2.082	0.568
2.104	0.569
2.127	0.57
2.156	0.572
2.2	0.574
2.25	0.577
2.273	0.578
2.295	0.579
2.322	0.581
2.363	0.583
2.413	0.586
2.435	0.587
2.457	0.589
2.484	0.59
2.523	0.592
2.573	0.595
2.593	0.596
2.613	0.598
2.638	0.599
2.676	0.601
2.708	0.603
2.727	0.604
2.746	0.605
2.771	0.607
2.809	0.609
2.845	0.611
2.862	0.612
2.88	0.613
2.907	0.615
2.947	0.617
2.972	0.617
2.992	0.618
3.015	0.618
3.048	0.619
3.087	0.619
3.108	0.619
3.135	0.619
3.174	0.618
3.202	0.618
3.223	0.617
3.252	0.617
3.284	0.616
3.316	0.616
3.339	0.615
3.37	0.615
3.416	0.614
3.443	0.613
3.465	0.613
3.495	0.612
3.539	0.611
3.562	0.611
3.582	0.61
3.61	0.61
3.65	0.609
3.679	0.608
3.702	0.608
3.732	0.607
3.776	0.607
3.813	0.606
3.848	0.605
3.898	0.604
3.948	0.603
3.985	0.603
4.035	0.602
4.085	0.601
4.135	0.6
4.185	0.599
4.235	0.598
4.285	0.597
4.335	0.596
4.385	0.596
4.435	0.595
4.485	0.594
4.535	0.593
4.585	0.592
4.635	0.592
4.685	0.591
4.735	0.59
4.785	0.589
4.835	0.589
4.885	0.588
4.935	0.587
4.985	0.587
5.035	0.586
5.085	0.585
5.135	0.584
5.185	0.584
5.235	0.583
5.285	0.583
5.335	0.582
5.385	0.581
5.435	0.581
5.485	0.58
5.535	0.579
5.585	0.579
5.635	0.578
5.685	0.577
5.735	0.577
5.785	0.576
5.835	0.576
5.885	0.575
5.935	0.574
5.985	0.574
6.035	0.573
6.085	0.573
6.135	0.572
6.183	0.572
6.233	0.571
6.283	0.571
6.333	0.57
6.383	0.569
6.433	0.569
6.483	0.568
6.533	0.568
6.583	0.567
6.633	0.567
6.683	0.566
6.733	0.566
6.783	0.566
6.833	0.565
6.883	0.565
6.933	0.564
6.983	0.564
7.033	0.563
7.083	0.563
7.133	0.562
7.183	0.562
7.233	0.561
7.283	0.561
7.333	0.56
7.383	0.56
7.433	0.56
7.483	0.559
7.533	0.559
7.583	0.558
7.633	0.558
7.683	0.558
7.733	0.557
7.783	0.557
7.833	0.556
7.883	0.556
7.933	0.556
7.983	0.555
8.033	0.555
8.083	0.554
8.133	0.554
8.183	0.554
8.233	0.553
8.283	0.553
8.333	0.553
8.383	0.552
8.433	0.552
8.483	0.551
8.533	0.551
8.583	0.551
8.633	0.55
8.683	0.55
8.733	0.55
8.783	0.549
8.833	0.549
8.883	0.549
8.933	0.548
8.983	0.548
9.033	0.548
9.083	0.547
9.133	0.547
9.183	0.547
9.233	0.546
9.283	0.546
9.333	0.546
9.383	0.545
9.433	0.545
9.483	0.545
9.533	0.544
9.583	0.544
9.633	0.544
9.683	0.544
9.733	0.543
9.783	0.543
9.833	0.543
9.883	0.542
9.933	0.542
9.983	0.542
10.033	0.541
10.083	0.541
10.133	0.541
10.183	0.541
10.233	0.54
10.283	0.54
10.333	0.54
10.383	0.54
10.433	0.539
10.483	0.539
10.533	0.539
10.583	0.539
10.633	0.538
10.683	0.538
10.733	0.538
10.783	0.538
10.833	0.537
10.883	0.537
10.933	0.537
10.983	0.537
11.033	0.536
11.083	0.536
11.133	0.536
11.183	0.536
11.233	0.535
11.283	0.535
11.333	0.535
11.383	0.535
11.433	0.534
11.483	0.534
11.533	0.534
11.583	0.534
11.633	0.534
11.683	0.533
11.733	0.533
11.783	0.533
11.833	0.533
11.883	0.533
11.933	0.532
11.983	0.532
12.033	0.532
12.083	0.532
12.133	0.531
12.183	0.531
12.233	0.531
12.283	0.531
12.333	0.531
12.383	0.53
12.433	0.53
12.483	0.53
12.533	0.53
12.583	0.53
12.633	0.53
12.683	0.529
12.733	0.529
12.783	0.529
12.833	0.529
12.883	0.529
12.933	0.528
12.983	0.528
13.033	0.528
13.083	0.528
13.133	0.528
13.183	0.527
13.233	0.527
13.283	0.527
13.333	0.527
13.383	0.527
13.433	0.527
13.483	0.526
13.533	0.526
13.583	0.526
13.633	0.526
13.683	0.526
13.733	0.526
13.783	0.525
13.833	0.525
13.883	0.525
13.933	0.525
13.983	0.525
14.033	0.525
14.083	0.524
14.133	0.524
14.183	0.524
14.233	0.524
14.283	0.524
14.333	0.524
14.383	0.524
14.433	0.523
14.483	0.523
14.533	0.523
14.583	0.523
14.633	0.523
14.683	0.523
14.733	0.523
14.783	0.522
14.833	0.522
14.883	0.522
14.933	0.522
14.983	0.522
15.033	0.522
15.083	0.522
15.133	0.521
15.183	0.521
15.233	0.521
15.283	0.521
15.333	0.521
15.383	0.521
15.433	0.521
15.483	0.521
15.533	0.52
15.583	0.52
15.633	0.52
15.683	0.52
15.733	0.52
15.783	0.52
15.833	0.52
15.883	0.52
15.933	0.52
15.983	0.519
16.033	0.519
16.083	0.519
16.133	0.519
16.183	0.519
16.233	0.519
16.283	0.519
16.333	0.519
16.383	0.518
16.433	0.518
16.483	0.518
16.533	0.518
16.583	0.518
16.633	0.518
16.683	0.518
16.733	0.518
16.783	0.518
16.833	0.518
16.883	0.517
16.933	0.517
16.983	0.517
17.033	0.517
17.083	0.517
17.133	0.517
17.183	0.517
17.233	0.517
17.283	0.517
17.333	0.517
17.383	0.517
17.433	0.516
17.483	0.516
17.533	0.516
17.583	0.516
17.633	0.516
17.683	0.516
17.733	0.516
17.783	0.516
17.833	0.516
17.883	0.516
17.933	0.516
17.983	0.515
18.033	0.515
18.083	0.515
18.133	0.515
18.183	0.515
18.233	0.515
18.283	0.515
18.333	0.515
18.383	0.515
18.433	0.515
18.483	0.515
18.533	0.515
18.583	0.515
18.633	0.514
18.683	0.514
18.733	0.514
18.783	0.514
18.833	0.514
18.883	0.514
18.933	0.514
18.983	0.514
19.033	0.514
19.083	0.514
19.133	0.514
19.183	0.514
19.233	0.514
19.283	0.514
19.333	0.514
19.383	0.513
19.433	0.513
19.483	0.513
19.533	0.513
19.583	0.514
19.633	0.514
19.683	0.514
19.733	0.514
19.783	0.514
19.833	0.514
19.883	0.514
19.933	0.514
19.983	0.514
20.033	0.514
20.083	0.515
20.133	0.515
20.183	0.515
20.233	0.515
20.283	0.515
20.333	0.515
20.383	0.515
20.433	0.515
20.483	0.515
20.533	0.515
20.583	0.516
20.633	0.516
20.683	0.516
20.733	0.516
20.783	0.516
20.833	0.516
20.883	0.516
20.933	0.516
20.983	0.516
21.033	0.517
21.083	0.517
21.133	0.517
21.183	0.517
21.233	0.517
21.283	0.517
21.333	0.517
21.383	0.517
21.433	0.518
21.483	0.518
21.533	0.518
21.583	0.518
21.633	0.518
21.683	0.518
21.733	0.518
21.783	0.519
21.833	0.519
21.883	0.519
21.933	0.519
21.983	0.519
22.033	0.519
22.083	0.519
22.133	0.519
22.183	0.519
22.233	0.519
22.283	0.519
22.333	0.52
22.383	0.52
22.433	0.52
22.483	0.52
22.533	0.52
22.583	0.52
22.633	0.521
22.683	0.521
22.733	0.521
22.783	0.521
22.833	0.521
22.883	0.521
22.933	0.521
22.983	0.521
23.033	0.521
23.083	0.521
23.133	0.521
23.183	0.522
23.233	0.522
23.283	0.522
23.333	0.522
23.383	0.522
23.433	0.522
23.483	0.522
23.533	0.522
23.583	0.522
23.633	0.522
23.683	0.522
23.733	0.522
23.783	0.522
23.833	0.522
23.883	0.522
23.933	0.522
23.983	0.522
24.033	0.522
