0.00    12860000
0.01	12860000
0.02	12860000	
0.03	12850000
0.04	12840000
0.05	12840000
0.06	12830000
0.07	12820000
0.08	12810000
0.09	12810000
0.1	12800000
0.11	12790000
0.12	12790000
0.13	12780000
0.14	12770000
0.15	12770000
0.16	12760000
0.17	12750000
0.18	12750000
0.19	12740000
0.2	12730000
0.21	12730000
0.22	12720000
0.23	12710000
0.24	12710000
0.25	12700000
0.26	12690000
0.27	12690000
0.28	12680000
0.29	12670000
0.3	12670000
0.31	12660000
0.32	12650000
0.33	12650000
0.345	12640000
0.368	12620000
0.401	12600000
0.451	12560000
0.501	12530000
0.551	12490000
0.601	12460000
0.651	12430000
0.701	12390000
0.751	12360000
0.801	12320000
0.851	12290000
0.901	12250000
0.951	12220000
1.001	12180000
1.047	12150000
1.09	12120000
1.131	12090000
1.178	12060000
1.228	12020000
1.278	11980000
1.328	11950000
1.37	11920000
1.402	11900000
1.431	11880000
1.462	11860000
1.499	11840000
1.549	11800000
1.599	11770000
1.637	11740000
1.664	11720000
1.689	11710000
1.716	11690000
1.753	11660000
1.803	11630000
1.853	11600000
1.884	11580000
1.909	11560000
1.935	11540000
1.964	11520000
2.008	11490000
2.058	11460000
2.082	11450000
2.104	11430000
2.127	11410000
2.156	11400000
2.2	11370000
2.25	11330000
2.273	11320000
2.295	11300000
2.322	11280000
2.363	11260000
2.413	11220000
2.435	11210000
2.457	11190000
2.484	11180000
2.523	11150000
2.573	11120000
2.593	11100000
2.613	11090000
2.638	11070000
2.676	11050000
2.708	11030000
2.727	11020000
2.746	11010000
2.771	10990000
2.809	10970000
2.845	10950000
2.862	10940000
2.88	10930000
2.907	10910000
2.947	10890000
2.972	10880000
2.992	10880000
3.015	10870000
3.048	10860000
3.087	10850000
3.108	10850000
3.135	10850000
3.174	10840000
3.202	10840000
3.223	10840000
3.252	10840000
3.284	10840000
3.316	10840000
3.339	10840000
3.37	10840000
3.416	10840000
3.443	10840000
3.465	10840000
3.495	10840000
3.539	10840000
3.562	10840000
3.582	10840000
3.61	10840000
3.65	10840000
3.679	10840000
3.702	10840000
3.732	10840000
3.776	10840000
3.813	10840000
3.848	10840000
3.898	10840000
3.948	10840000
3.985	10840000
4.035	10840000
4.085	10840000
4.135	10840000
4.185	10840000
4.235	10840000
4.285	10840000
4.335	10840000
4.385	10840000
4.435	10840000
4.485	10840000
4.535	10840000
4.585	10840000
4.635	10840000
4.685	10840000
4.735	10840000
4.785	10840000
4.835	10840000
4.885	10840000
4.935	10840000
4.985	10840000
5.035	10840000
5.085	10840000
5.135	10840000
5.185	10840000
5.235	10840000
5.285	10840000
5.335	10840000
5.385	10840000
5.435	10840000
5.485	10840000
5.535	10840000
5.585	10840000
5.635	10840000
5.685	10840000
5.735	10840000
5.785	10840000
5.835	10840000
5.885	10840000
5.935	10840000
5.985	10840000
6.035	10840000
6.085	10840000
6.135	10840000
6.183	10840000
6.233	10840000
6.283	10840000
6.333	10840000
6.383	10840000
6.433	10840000
6.483	10840000
6.533	10840000
6.583	10840000
6.633	10840000
6.683	10840000
6.733	10840000
6.783	10840000
6.833	10840000
6.883	10840000
6.933	10840000
6.983	10840000
7.033	10840000
7.083	10840000
7.133	10840000
7.183	10840000
7.233	10840000
7.283	10840000
7.333	10840000
7.383	10840000
7.433	10840000
7.483	10840000
7.533	10840000
7.583	10840000
7.633	10840000
7.683	10840000
7.733	10840000
7.783	10840000
7.833	10840000
7.883	10840000
7.933	10840000
7.983	10840000
8.033	10840000
8.083	10840000
8.133	10840000
8.183	10840000
8.233	10840000
8.283	10840000
8.333	10840000
8.383	10840000
8.433	10840000
8.483	10840000
8.533	10840000
8.583	10840000
8.633	10840000
8.683	10840000
8.733	10840000
8.783	10840000
8.833	10840000
8.883	10840000
8.933	10840000
8.983	10840000
9.033	10840000
9.083	10840000
9.133	10840000
9.183	10840000
9.233	10840000
9.283	10840000
9.333	10840000
9.383	10840000
9.433	10840000
9.483	10840000
9.533	10840000
9.583	10840000
9.633	10840000
9.683	10840000
9.733	10840000
9.783	10840000
9.833	10840000
9.883	10840000
9.933	10840000
9.983	10840000
10.033	10840000
10.083	10840000
10.133	10840000
10.183	10840000
10.233	10840000
10.283	10840000
10.333	10840000
10.383	10840000
10.433	10840000
10.483	10840000
10.533	10840000
10.583	10840000
10.633	10840000
10.683	10840000
10.733	10840000
10.783	10840000
10.833	10840000
10.883	10840000
10.933	10840000
10.983	10840000
11.033	10840000
11.083	10840000
11.133	10840000
11.183	10840000
11.233	10840000
11.283	10840000
11.333	10840000
11.383	10840000
11.433	10840000
11.483	10840000
11.533	10840000
11.583	10840000
11.633	10840000
11.683	10840000
11.733	10840000
11.783	10840000
11.833	10840000
11.883	10840000
11.933	10840000
11.983	10840000
12.033	10840000
12.083	10840000
12.133	10840000
12.183	10840000
12.233	10840000
12.283	10840000
12.333	10840000
12.383	10840000
12.433	10840000
12.483	10840000
12.533	10840000
12.583	10840000
12.633	10840000
12.683	10840000
12.733	10840000
12.783	10840000
12.833	10840000
12.883	10840000
12.933	10840000
12.983	10840000
13.033	10840000
13.083	10840000
13.133	10840000
13.183	10840000
13.233	10840000
13.283	10840000
13.333	10840000
13.383	10840000
13.433	10840000
13.483	10840000
13.533	10840000
13.583	10840000
13.633	10840000
13.683	10840000
13.733	10840000
13.783	10840000
13.833	10840000
13.883	10840000
13.933	10840000
13.983	10840000
14.033	10840000
14.083	10840000
14.133	10840000
14.183	10840000
14.233	10840000
14.283	10840000
14.333	10840000
14.383	10840000
14.433	10840000
14.483	10840000
14.533	10840000
14.583	10840000
14.633	10840000
14.683	10840000
14.733	10840000
14.783	10840000
14.833	10840000
14.883	10840000
14.933	10840000
14.983	10840000
15.033	10840000
15.083	10840000
15.133	10840000
15.183	10840000
15.233	10840000
15.283	10840000
15.333	10840000
15.383	10840000
15.433	10840000
15.483	10840000
15.533	10840000
15.583	10840000
15.633	10840000
15.683	10840000
15.733	10840000
15.783	10840000
15.833	10840000
15.883	10840000
15.933	10840000
15.983	10840000
16.033	10840000
16.083	10840000
16.133	10840000
16.183	10840000
16.233	10840000
16.283	10840000
16.333	10840000
16.383	10840000
16.433	10840000
16.483	10840000
16.533	10840000
16.583	10840000
16.633	10840000
16.683	10840000
16.733	10840000
16.783	10840000
16.833	10840000
16.883	10840000
16.933	10840000
16.983	10840000
17.033	10840000
17.083	10840000
17.133	10840000
17.183	10840000
17.233	10840000
17.283	10840000
17.333	10840000
17.383	10840000
17.433	10840000
17.483	10840000
17.533	10840000
17.583	10840000
17.633	10840000
17.683	10840000
17.733	10840000
17.783	10840000
17.833	10840000
17.883	10840000
17.933	10840000
17.983	10840000
18.033	10840000
18.083	10840000
18.133	10840000
18.183	10840000
18.233	10840000
18.283	10840000
18.333	10840000
18.383	10840000
18.433	10840000
18.483	10840000
18.533	10840000
18.583	10840000
18.633	10840000
18.683	10840000
18.733	10840000
18.783	10840000
18.833	10840000
18.883	10840000
18.933	10840000
18.983	10840000
19.033	10840000
19.083	10840000
19.133	10840000
19.183	10840000
19.233	10840000
19.283	10840000
19.333	10840000
19.383	10840000
19.433	10840000
19.483	10840000
19.533	10840000
19.583	10840000
19.633	10840000
19.683	10840000
19.733	10840000
19.783	10840000
19.833	10840000
19.883	10840000
19.933	10840000
19.983	10840000
20.033	10840000
20.083	10840000
20.133	10840000
20.183	10840000
20.233	10840000
20.283	10840000
20.333	10840000
20.383	10840000
20.433	10840000
20.483	10840000
20.533	10840000
20.583	10840000
20.633	10840000
20.683	10840000
20.733	10840000
20.783	10840000
20.833	10840000
20.883	10840000
20.933	10840000
20.983	10840000
21.033	10840000
21.083	10840000
21.133	10840000
21.183	10840000
21.233	10840000
21.283	10840000
21.333	10840000
21.383	10840000
21.433	10840000
21.483	10840000
21.533	10840000
21.583	10840000
21.633	10840000
21.683	10840000
21.733	10840000
21.783	10840000
21.833	10840000
21.883	10840000
21.933	10840000
21.983	10840000
22.033	10840000
22.083	10840000
22.133	10840000
22.183	10840000
22.233	10840000
22.283	10840000
22.333	10840000
22.383	10840000
22.433	10840000
22.483	10840000
22.533	10840000
22.583	10840000
22.633	10840000
22.683	10840000
22.733	10840000
22.783	10840000
22.833	10840000
22.883	10840000
22.933	10840000
22.983	10840000
23.033	10840000
23.083	10840000
23.133	10840000
23.183	10840000
23.233	10840000
23.283	10840000
23.333	10840000
23.383	10840000
23.433	10840000
23.483	10840000
23.533	10840000
23.583	10840000
23.633	10840000
23.683	10840000
23.733	10840000
23.783	10840000
23.833	10840000
23.883	10840000
23.933	10840000
23.983	10840000
24.033	10840000
