0.010000 0.000770
0.020000 0.000770
0.030000 0.000769
0.040000 0.000769
0.050000 0.000768
0.060000 0.000768
0.070000 0.000767
0.080000 0.000767
0.090000 0.000766
0.100000 0.000766
0.110000 0.000765
0.120000 0.000765
0.130000 0.000765
0.140000 0.000764
0.150000 0.000764
0.160000 0.000763
0.170000 0.000763
0.180000 0.000762
0.190000 0.000761
0.200000 0.000761
0.210000 0.000760
0.220000 0.000760
0.230000 0.000759
0.240000 0.000759
0.250000 0.000758
0.260000 0.000758
0.270000 0.000757
0.280000 0.000757
0.290000 0.000756
0.300000 0.000756
0.310000 0.000755
0.320000 0.000755
0.330000 0.000754
0.340000 0.000754
0.350000 0.000753
0.365000 0.000752
0.388000 0.000751
0.421000 0.000750
0.471000 0.000747
0.521000 0.000744
0.571000 0.000742
0.621000 0.000739
0.671000 0.000736
0.721000 0.000734
0.771000 0.000731
0.821000 0.000728
0.871000 0.000725
0.921000 0.000722
0.971000 0.000719
1.021000 0.000717
1.071000 0.000714
1.121000 0.000711
1.171000 0.000708
1.221000 0.000705
1.271000 0.000702
1.321000 0.000699
1.371000 0.000696
1.421000 0.000693
1.471000 0.000690
1.521000 0.000687
1.571000 0.000684
1.621000 0.000681
1.671000 0.000678
1.721000 0.000675
1.771000 0.000673
1.821000 0.000670
1.871000 0.000666
1.921000 0.000663
1.971000 0.000660
2.021000 0.000657
2.071000 0.000654
2.121000 0.000651
2.171000 0.000648
2.221000 0.000645
2.271000 0.000642
2.321000 0.000639
2.371000 0.000636
2.421000 0.000632
2.471000 0.000629
2.521000 0.000626
2.571000 0.000623
2.621000 0.000619
2.671000 0.000616
2.721000 0.000613
2.771000 0.000610
2.821000 0.000607
2.871000 0.000604
2.921000 0.000601
2.971000 0.000599
3.021000 0.000597
3.071000 0.000596
3.121000 0.000595
3.171000 0.000595
3.221000 0.000595
3.271000 0.000595
3.284000 0.000595
3.303000 0.000595
3.332000 0.000595
3.375000 0.000595
3.425000 0.000595
3.475000 0.000595
3.525000 0.000595
3.575000 0.000595
3.625000 0.000595
3.675000 0.000595
3.725000 0.000595
3.775000 0.000595
3.825000 0.000595
3.875000 0.000595
3.925000 0.000595
3.975000 0.000595
4.025000 0.000595
4.075000 0.000595
4.125000 0.000595
4.175000 0.000595
4.225000 0.000595
4.275000 0.000595
4.325000 0.000595
4.375000 0.000595
4.425000 0.000595
4.475000 0.000595
4.525000 0.000595
4.575000 0.000595
4.625000 0.000595
4.675000 0.000595
4.725000 0.000595
4.775000 0.000595
4.825000 0.000595
4.875000 0.000595
4.925000 0.000595
4.975000 0.000595
5.025000 0.000595
5.075000 0.000595
5.125000 0.000595
5.175000 0.000595
5.225000 0.000595
5.275000 0.000595
5.325000 0.000595
5.375000 0.000595
5.425000 0.000595
5.475000 0.000595
5.525000 0.000595
5.575000 0.000595
5.625000 0.000595
5.675000 0.000595
5.725000 0.000595
5.775000 0.000595
5.825000 0.000595
5.875000 0.000595
5.925000 0.000595
5.975000 0.000595
6.025000 0.000595
6.075000 0.000595
6.125000 0.000595
6.175000 0.000595
6.225000 0.000595
6.275000 0.000595
6.325000 0.000595
6.375000 0.000595
6.425000 0.000595
6.475000 0.000595
6.525000 0.000595
6.575000 0.000595
6.625000 0.000595
6.675000 0.000595
6.725000 0.000595
6.775000 0.000595
6.825000 0.000595
6.875000 0.000595
6.925000 0.000595
6.975000 0.000595
7.025000 0.000595
7.075000 0.000595
7.125000 0.000595
7.175000 0.000595
7.225000 0.000595
7.275000 0.000595
7.325000 0.000595
7.375000 0.000595
7.425000 0.000595
7.475000 0.000595
7.525000 0.000595
7.575000 0.000595
7.625000 0.000595
7.675000 0.000595
7.725000 0.000595
7.775000 0.000595
7.825000 0.000595
7.875000 0.000595
7.925000 0.000595
7.975000 0.000595
8.025000 0.000595
8.075000 0.000595
8.125000 0.000595
8.175000 0.000595
8.225000 0.000595
8.275000 0.000595
8.325000 0.000595
8.375000 0.000595
8.425000 0.000595
8.475000 0.000595
8.525000 0.000595
8.575000 0.000595
8.625000 0.000595
8.675000 0.000595
8.725000 0.000595
8.775000 0.000595
8.825000 0.000595
8.875000 0.000595
8.925000 0.000595
8.975000 0.000595
9.025000 0.000595
9.075000 0.000595
9.125000 0.000595
9.175000 0.000595
9.225000 0.000595
9.275000 0.000595
9.325000 0.000595
9.375000 0.000595
9.425000 0.000595
9.475000 0.000595
9.525000 0.000595
9.575000 0.000595
9.625000 0.000595
9.675000 0.000595
9.725000 0.000595
9.775000 0.000595
9.825000 0.000595
9.875000 0.000595
9.925000 0.000595
9.975000 0.000595
10.025000 0.000595
10.075000 0.000595
10.125000 0.000595
10.175000 0.000595
10.225000 0.000595
10.275000 0.000595
10.325000 0.000595
10.375000 0.000595
10.425000 0.000595
10.475000 0.000595
10.525000 0.000595
10.575000 0.000595
10.625000 0.000595
10.675000 0.000595
10.725000 0.000595
10.775000 0.000595
10.825000 0.000595
10.875000 0.000595
10.925000 0.000595
10.975000 0.000595
11.025000 0.000595
11.075000 0.000595
11.125000 0.000595
11.175000 0.000595
11.225000 0.000595
11.275000 0.000595
11.325000 0.000595
11.375000 0.000595
11.425000 0.000595
11.475000 0.000595
11.525000 0.000595
11.575000 0.000595
11.625000 0.000595
11.675000 0.000595
11.725000 0.000595
11.775000 0.000595
11.825000 0.000595
11.875000 0.000595
11.925000 0.000595
11.975000 0.000595
12.025000 0.000595
12.075000 0.000595
12.125000 0.000595
12.175000 0.000595
12.225000 0.000595
12.275000 0.000595
12.325000 0.000595
12.375000 0.000595
12.425000 0.000595
12.475000 0.000595
12.525000 0.000595
12.575000 0.000595
12.625000 0.000595
12.675000 0.000595
12.725000 0.000595
12.775000 0.000595
12.825000 0.000595
12.875000 0.000595
12.925000 0.000595
12.975000 0.000595
13.025000 0.000595
13.075000 0.000595
13.125000 0.000595
13.175000 0.000595
13.225000 0.000595
13.275000 0.000595
13.325000 0.000595
13.375000 0.000595
13.425000 0.000595
13.475000 0.000595
13.525000 0.000595
13.575000 0.000595
13.625000 0.000595
13.675000 0.000595
13.725000 0.000595
13.775000 0.000595
13.825000 0.000595
13.875000 0.000595
13.925000 0.000595
13.975000 0.000595
14.025000 0.000595
14.075000 0.000595
14.125000 0.000595
14.175000 0.000595
14.225000 0.000595
14.275000 0.000595
14.325000 0.000595
14.375000 0.000595
14.425000 0.000595
14.475000 0.000595
14.525000 0.000595
14.575000 0.000595
14.625000 0.000595
14.675000 0.000595
14.725000 0.000595
14.775000 0.000595
14.825000 0.000595
14.875000 0.000595
14.925000 0.000595
14.975000 0.000595
15.025000 0.000595
15.075000 0.000595
15.125000 0.000595
15.175000 0.000595
15.225000 0.000595
15.275000 0.000595
15.325000 0.000595
15.375000 0.000595
15.425000 0.000595
15.475000 0.000595
15.525000 0.000595
15.575000 0.000595
15.625000 0.000595
15.675000 0.000595
15.725000 0.000595
15.775000 0.000595
15.825000 0.000595
15.875000 0.000595
15.925000 0.000595
15.975000 0.000595
16.025000 0.000595
16.075000 0.000595
16.125000 0.000595
16.175000 0.000595
16.225000 0.000595
16.275000 0.000595
16.325000 0.000595
16.375000 0.000595
16.425000 0.000595
16.475000 0.000595
16.525000 0.000595
16.575000 0.000595
16.625000 0.000595
16.675000 0.000595
16.725000 0.000595
16.775000 0.000595
16.825000 0.000595
16.875000 0.000595
16.925000 0.000595
16.975000 0.000595
17.025000 0.000595
17.075000 0.000595
17.125000 0.000595
17.175000 0.000595
17.225000 0.000595
17.275000 0.000595
17.325000 0.000595
17.375000 0.000595
17.425000 0.000595
17.475000 0.000595
17.525000 0.000595
17.575000 0.000595
17.625000 0.000595
17.675000 0.000595
17.725000 0.000595
17.775000 0.000595
17.825000 0.000595
17.875000 0.000595
17.925000 0.000595
17.975000 0.000595
18.025000 0.000595
18.075000 0.000595
18.125000 0.000595
18.175000 0.000595
18.225000 0.000595
18.275000 0.000595
18.325000 0.000595
18.375000 0.000595
18.425000 0.000595
18.475000 0.000595
18.525000 0.000595
18.575000 0.000595
18.625000 0.000595
18.675000 0.000595
18.725000 0.000595
18.775000 0.000595
18.825000 0.000595
18.875000 0.000595
18.925000 0.000595
18.975000 0.000595
19.025000 0.000595
19.075000 0.000595
19.125000 0.000595
19.175000 0.000595
19.225000 0.000595
19.275000 0.000595
19.325000 0.000595
19.375000 0.000595
19.425000 0.000595
19.475000 0.000595
19.525000 0.000595
19.575000 0.000595
19.625000 0.000595
19.675000 0.000595
19.725000 0.000595
19.775000 0.000595
19.825000 0.000595
19.875000 0.000595
19.925000 0.000595
19.975000 0.000595
20.025000 0.000595
20.075000 0.000595
20.125000 0.000595
20.175000 0.000595
20.225000 0.000595
20.275000 0.000595
20.325000 0.000595
20.375000 0.000595
20.425000 0.000595
20.475000 0.000595
20.525000 0.000595
20.575000 0.000595
20.625000 0.000595
20.675000 0.000595
20.725000 0.000595
20.775000 0.000595
20.825000 0.000595
20.875000 0.000595
20.925000 0.000595
20.975000 0.000595
21.025000 0.000595
21.075000 0.000595
21.125000 0.000595
21.175000 0.000595
21.225000 0.000595
21.275000 0.000595
21.325000 0.000595
21.375000 0.000595
21.425000 0.000595
21.475000 0.000595
21.525000 0.000595
21.575000 0.000595
21.625000 0.000595
21.675000 0.000595
21.725000 0.000595
21.775000 0.000595
21.825000 0.000595
21.875000 0.000595
21.925000 0.000595
21.975000 0.000595
22.025000 0.000595
22.075000 0.000595
22.125000 0.000595
22.175000 0.000595
22.225000 0.000595
22.275000 0.000595
22.325000 0.000595
22.375000 0.000595
22.425000 0.000595
22.475000 0.000595
22.525000 0.000595
22.575000 0.000595
22.625000 0.000595
22.675000 0.000595
22.725000 0.000595
22.775000 0.000595
22.825000 0.000595
22.875000 0.000595
22.925000 0.000595
22.975000 0.000595
23.025000 0.000595
23.075000 0.000595
23.125000 0.000595
23.175000 0.000595
23.225000 0.000595
23.275000 0.000595
23.325000 0.000595
23.375000 0.000595
23.425000 0.000595
23.475000 0.000595
23.525000 0.000595
23.575000 0.000595
23.625000 0.000595
23.675000 0.000595
23.725000 0.000595
23.775000 0.000595
23.825000 0.000595
23.875000 0.000595
23.925000 0.000595
